Timestamp: 2024-03-25 00:22:57, Average Voltage: 0.916 V, Average Current: 1.832e-06 A, Average Power: 1.67811e-06 W, Total Power: 0.000240281 W*h

Timestamp: 2024-03-25 00:41:28, Average Voltage (With Zeros): 1.21416 V, Average Power (With Zeros): 2.94838e-06 W, Average Voltage (Without Zeros): 3.7639 V, Average Power (Without Zeros): 2.83339e-05 W, Total Power: 0.00029016 W*h

